-516 -499 -554 13 -630 -618 -285 -281 
562 -157 -876 -573 897 896 196 -413 
-798 -400 558 76 -456 -810 -910 -346 
496 -346 951 -436 502 -814 362 366 
951 -255 -4 912 -879 -837 799 119 
766 51 581 -577 38 432 608 -863 
436 127 287 -224 707 -217 682 -3 
551 -513 -391 317 955 554 158 678 
-310 -295 -770 -999 -971 -672 792 485 
171 -340 522 671 725 914 722 126 
576 247 -636 745 -115 -57 407 771 
-366 -954 913 877 -536 -580 239 306 
503 -253 28 -448 -295 927 830 -411 
734 783 -787 -494 -41 801 685 581 
21 -500 814 124 933 -778 -952 -239 
738 976 -578 247 -230 -930 -211 942 
